SOL 103
CEND
TITLE = BeamDyn -> Nastran SOL 103 modal analysis example with CONM1
SUBCASE 1
    SPC = 1
    DISPLACEMENT(PLOT,PRINT) = ALL
    METHOD = 1

BEGIN BULK
MAT1,1,1.0,1.0,0.3
EIGRL,1,0.0,200.0

GRID,1,, 0.00000000E+00, 0.0, 0.0
GRID,2,, 1.17000000E+00, 0.0, 0.0
GRID,3,, 2.34000000E+00, 0.0, 0.0
GRID,4,, 3.51000000E+00, 0.0, 0.0
GRID,5,, 4.68000000E+00, 0.0, 0.0
GRID,6,, 5.85000000E+00, 0.0, 0.0
GRID,7,, 8.77500000E+00, 0.0, 0.0
GRID,8,, 1.17000000E+01, 0.0, 0.0
GRID,9,, 1.75500000E+01, 0.0, 0.0
GRID,10,, 2.34000000E+01, 0.0, 0.0
GRID,11,, 2.92500000E+01, 0.0, 0.0
GRID,12,, 3.51000000E+01, 0.0, 0.0
GRID,13,, 4.09500000E+01, 0.0, 0.0
GRID,14,, 4.68000000E+01, 0.0, 0.0
GRID,15,, 5.26500000E+01, 0.0, 0.0
GRID,16,, 5.85000000E+01, 0.0, 0.0
GRID,17,, 6.43500000E+01, 0.0, 0.0
GRID,18,, 7.02000000E+01, 0.0, 0.0
GRID,19,, 7.60500000E+01, 0.0, 0.0
GRID,20,, 8.19000000E+01, 0.0, 0.0
GRID,21,, 8.77500000E+01, 0.0, 0.0
GRID,22,, 9.36000000E+01, 0.0, 0.0
GRID,23,, 9.94500000E+01, 0.0, 0.0
GRID,24,, 1.05300000E+02, 0.0, 0.0
GRID,25,, 1.11150000E+02, 0.0, 0.0
GRID,26,, 1.17000000E+02, 0.0, 0.0

$ Element 1 between GRID 1 and 2
CBEAM,1,1,1,2,0.0,1.0,0.0
PBEAM,1,1,4.49012128E+10,1.45978938E+11,1.46433461E+11,0.00000000E+00,8.53873853E+10,0.00000000E+00

CONM1,1000,1,0,1.0,3.046067E+03,0.000000E+00,3.046067E+03,0.000000E+00
,0.000000E+00,3.046067E+03,0.000000E+00,0.000000E+00,-1.712131E+01,9.919397E+03
,0.000000E+00,0.000000E+00,2.009624E-01,7.745876E-02,9.921896E+03,1.712131E+01
,-2.009624E-01,0.000000E+00,0.000000E+00,0.000000E+00,1.984129E+04

$ Element 2 between GRID 2 and 3
CBEAM,2,2,2,3,0.0,1.0,0.0
PBEAM,2,1,4.26605033E+10,1.38770851E+11,1.40073184E+11,0.00000000E+00,8.11958736E+10,0.00000000E+00

CONM1,1001,2,0,1.0,2.884930E+03,0.000000E+00,2.884930E+03,0.000000E+00
,0.000000E+00,2.884930E+03,0.000000E+00,0.000000E+00,9.022042E+01,9.427271E+03
,0.000000E+00,0.000000E+00,-1.118035E+00,-3.528380E+00,9.433743E+03
,-9.022042E+01,1.118035E+00,0.000000E+00,0.000000E+00,0.000000E+00,1.886101E+04

$ Element 3 between GRID 3 and 4
CBEAM,3,3,3,4,0.0,1.0,0.0
PBEAM,3,1,4.01198226E+10,1.29248592E+11,1.28261408E+11,0.00000000E+00,7.45397413E+10,0.00000000E+00

CONM1,1002,3,0,1.0,2.698132E+03,0.000000E+00,2.698132E+03,0.000000E+00
,0.000000E+00,2.698132E+03,0.000000E+00,0.000000E+00,1.636293E+02,8.775197E+03
,0.000000E+00,0.000000E+00,-5.628019E+00,-1.815969E+01,8.551767E+03
,-1.636293E+02,5.628019E+00,0.000000E+00,0.000000E+00,0.000000E+00,1.732696E+04

$ Element 4 between GRID 4 and 5
CBEAM,4,4,4,5,0.0,1.0,0.0
PBEAM,4,1,3.73544864E+10,1.17753872E+11,1.11939823E+11,0.00000000E+00,6.57532368E+10,0.00000000E+00

CONM1,1003,4,0,1.0,2.490126E+03,0.000000E+00,2.490126E+03,0.000000E+00
,0.000000E+00,2.490126E+03,0.000000E+00,0.000000E+00,2.060898E+02,7.986335E+03
,0.000000E+00,0.000000E+00,-1.079007E+01,-4.065708E+01,7.346132E+03
,-2.060898E+02,1.079007E+01,0.000000E+00,0.000000E+00,0.000000E+00,1.533247E+04

$ Element 5 between GRID 5 and 6
CBEAM,5,5,5,6,0.0,1.0,0.0
PBEAM,5,1,3.48927158E+10,1.07454991E+11,9.81717024E+10,0.00000000E+00,5.78344953E+10,0.00000000E+00

CONM1,1004,5,0,1.0,2.296319E+03,0.000000E+00,2.296319E+03,0.000000E+00
,0.000000E+00,2.296319E+03,0.000000E+00,0.000000E+00,2.461712E+02,7.276510E+03
,0.000000E+00,0.000000E+00,-1.425298E+01,-6.024054E+01,6.297719E+03
,-2.461712E+02,1.425298E+01,0.000000E+00,0.000000E+00,0.000000E+00,1.357423E+04

$ Element 6 between GRID 6 and 7
CBEAM,6,6,6,7,0.0,1.0,0.0
PBEAM,6,1,3.14792562E+10,9.25714051E+10,8.03320781E+10,0.00000000E+00,4.62772262E+10,0.00000000E+00

CONM1,1005,6,0,1.0,1.998542E+03,0.000000E+00,1.998542E+03,0.000000E+00
,0.000000E+00,1.998542E+03,0.000000E+00,0.000000E+00,3.081544E+02,6.244622E+03
,0.000000E+00,0.000000E+00,-1.854839E+01,-8.631240E+01,4.865664E+03
,-3.081544E+02,1.854839E+01,0.000000E+00,0.000000E+00,0.000000E+00,1.111029E+04

$ Element 7 between GRID 7 and 8
CBEAM,7,7,7,8,0.0,1.0,0.0
PBEAM,7,1,2.82756362E+10,7.76187976E+10,6.04747578E+10,0.00000000E+00,3.19234795E+10,0.00000000E+00

CONM1,1006,7,0,1.0,1.744035E+03,0.000000E+00,1.744035E+03,0.000000E+00
,0.000000E+00,1.744035E+03,0.000000E+00,0.000000E+00,4.375350E+02,5.212917E+03
,0.000000E+00,0.000000E+00,-2.747606E+01,-1.313522E+02,3.350276E+03
,-4.375350E+02,2.747606E+01,0.000000E+00,0.000000E+00,0.000000E+00,8.563193E+03

$ Element 8 between GRID 8 and 9
CBEAM,8,8,8,9,0.0,1.0,0.0
PBEAM,8,1,2.50024828E+10,6.34532683E+10,4.01258738E+10,0.00000000E+00,1.67524937E+10,0.00000000E+00

CONM1,1007,8,0,1.0,1.372506E+03,0.000000E+00,1.372506E+03,0.000000E+00
,0.000000E+00,1.372506E+03,0.000000E+00,0.000000E+00,5.678011E+02,4.102249E+03
,0.000000E+00,0.000000E+00,-2.905997E+01,-1.344174E+02,1.871132E+03
,-5.678011E+02,2.905997E+01,0.000000E+00,0.000000E+00,0.000000E+00,5.973381E+03

$ Element 9 between GRID 9 and 10
CBEAM,9,9,9,10,0.0,1.0,0.0
PBEAM,9,1,2.15579998E+10,4.66610418E+10,2.49044185E+10,0.00000000E+00,5.42235344E+09,0.00000000E+00

CONM1,1008,9,0,1.0,8.596715E+02,0.000000E+00,8.596715E+02,0.000000E+00
,0.000000E+00,8.596715E+02,0.000000E+00,0.000000E+00,5.647477E+02,2.787223E+03
,0.000000E+00,0.000000E+00,-2.238180E+01,-9.183447E+01,7.163363E+02
,-5.647477E+02,2.238180E+01,0.000000E+00,0.000000E+00,0.000000E+00,3.503559E+03

$ Element 10 between GRID 10 and 11
CBEAM,10,10,10,11,0.0,1.0,0.0
PBEAM,10,1,2.04620476E+10,3.72481722E+10,1.87178701E+10,0.00000000E+00,1.89709740E+09,0.00000000E+00

CONM1,1009,10,0,1.0,5.999501E+02,0.000000E+00,5.999501E+02,0.000000E+00
,0.000000E+00,5.999501E+02,0.000000E+00,0.000000E+00,4.942557E+02,2.051069E+03
,0.000000E+00,0.000000E+00,-1.934101E+01,-6.262853E+01,3.724616E+02
,-4.942557E+02,1.934101E+01,0.000000E+00,0.000000E+00,0.000000E+00,2.423530E+03

$ Element 11 between GRID 11 and 12
CBEAM,11,11,11,12,0.0,1.0,0.0
PBEAM,11,1,2.09201156E+10,3.31752971E+10,1.44890356E+10,0.00000000E+00,8.26590779E+08,0.00000000E+00

CONM1,1010,11,0,1.0,5.075232E+02,0.000000E+00,5.075232E+02,0.000000E+00
,0.000000E+00,5.075232E+02,0.000000E+00,0.000000E+00,4.493673E+02,1.706657E+03
,0.000000E+00,0.000000E+00,-1.682812E+01,-4.253566E+01,2.363136E+02
,-4.493673E+02,1.682812E+01,0.000000E+00,0.000000E+00,0.000000E+00,1.942971E+03

$ Element 12 between GRID 12 and 13
CBEAM,12,12,12,13,0.0,1.0,0.0
PBEAM,12,1,2.15758868E+10,2.85697248E+10,1.20131479E+10,0.00000000E+00,5.44132336E+08,0.00000000E+00

CONM1,1011,12,0,1.0,4.710345E+02,0.000000E+00,4.710345E+02,0.000000E+00
,0.000000E+00,4.710345E+02,0.000000E+00,0.000000E+00,4.087726E+02,1.425727E+03
,0.000000E+00,0.000000E+00,-1.389546E+01,-2.872863E+01,1.794075E+02
,-4.087726E+02,1.389546E+01,0.000000E+00,0.000000E+00,0.000000E+00,1.605134E+03

$ Element 13 between GRID 13 and 14
CBEAM,13,13,13,14,0.0,1.0,0.0
PBEAM,13,1,2.17032216E+10,2.41528547E+10,9.60064390E+09,0.00000000E+00,4.13003088E+08,0.00000000E+00

CONM1,1012,13,0,1.0,4.459777E+02,0.000000E+00,4.459777E+02,0.000000E+00
,0.000000E+00,4.459777E+02,0.000000E+00,0.000000E+00,3.669436E+02,1.181430E+03
,0.000000E+00,0.000000E+00,-1.096332E+01,-2.106897E+01,1.374551E+02
,-3.669436E+02,1.096332E+01,0.000000E+00,0.000000E+00,0.000000E+00,1.318886E+03

$ Element 14 between GRID 14 and 15
CBEAM,14,14,14,15,0.0,1.0,0.0
PBEAM,14,1,2.12002513E+10,2.04673670E+10,7.54367055E+09,0.00000000E+00,3.25227477E+08,0.00000000E+00

CONM1,1013,14,0,1.0,4.193947E+02,0.000000E+00,4.193947E+02,0.000000E+00
,0.000000E+00,4.193947E+02,0.000000E+00,0.000000E+00,3.284805E+02,9.859473E+02
,0.000000E+00,0.000000E+00,-8.430432E+00,-1.717757E+01,1.053358E+02
,-3.284805E+02,8.430432E+00,0.000000E+00,0.000000E+00,0.000000E+00,1.091283E+03

$ Element 15 between GRID 15 and 16
CBEAM,15,15,15,16,0.0,1.0,0.0
PBEAM,15,1,2.03514905E+10,1.71520582E+10,5.72144036E+09,0.00000000E+00,2.53102349E+08,0.00000000E+00

CONM1,1014,15,0,1.0,3.913245E+02,0.000000E+00,3.913245E+02,0.000000E+00
,0.000000E+00,3.913245E+02,0.000000E+00,0.000000E+00,2.919610E+02,8.155797E+02
,0.000000E+00,0.000000E+00,-7.645663E+00,-1.462392E+01,7.851218E+01
,-2.919610E+02,7.645663E+00,0.000000E+00,0.000000E+00,0.000000E+00,8.940918E+02

$ Element 16 between GRID 16 and 17
CBEAM,16,16,16,17,0.0,1.0,0.0
PBEAM,16,1,1.94243211E+10,1.41633358E+10,4.24868178E+09,0.00000000E+00,1.94290742E+08,0.00000000E+00

CONM1,1015,16,0,1.0,3.641078E+02,0.000000E+00,3.641078E+02,0.000000E+00
,0.000000E+00,3.641078E+02,0.000000E+00,0.000000E+00,2.554148E+02,6.642579E+02
,0.000000E+00,0.000000E+00,-7.999269E+00,-1.265323E+01,5.745189E+01
,-2.554148E+02,7.999269E+00,0.000000E+00,0.000000E+00,0.000000E+00,7.217098E+02

$ Element 17 between GRID 17 and 18
CBEAM,17,17,17,18,0.0,1.0,0.0
PBEAM,17,1,1.82323892E+10,1.05598367E+10,3.12961752E+09,0.00000000E+00,1.48131995E+08,0.00000000E+00

CONM1,1016,17,0,1.0,3.289161E+02,0.000000E+00,3.289161E+02,0.000000E+00
,0.000000E+00,3.289161E+02,0.000000E+00,0.000000E+00,2.013543E+02,4.911087E+02
,0.000000E+00,0.000000E+00,-8.067331E+00,-9.749609E+00,4.180504E+01
,-2.013543E+02,8.067331E+00,0.000000E+00,0.000000E+00,0.000000E+00,5.329138E+02

$ Element 18 between GRID 18 and 19
CBEAM,18,18,18,19,0.0,1.0,0.0
PBEAM,18,1,1.66964269E+10,6.50841567E+09,2.28659392E+09,0.00000000E+00,1.11802385E+08,0.00000000E+00

CONM1,1017,18,0,1.0,2.838066E+02,0.000000E+00,2.838066E+02,0.000000E+00
,0.000000E+00,2.838066E+02,0.000000E+00,0.000000E+00,1.290819E+02,3.022895E+02
,0.000000E+00,0.000000E+00,-7.622174E+00,-6.006550E+00,3.021886E+01
,-1.290819E+02,7.622174E+00,0.000000E+00,0.000000E+00,0.000000E+00,3.325084E+02

$ Element 19 between GRID 19 and 20
CBEAM,19,19,19,20,0.0,1.0,0.0
PBEAM,19,1,1.49572139E+10,3.76305259E+09,1.63496072E+09,0.00000000E+00,8.34171501E+07,0.00000000E+00

CONM1,1018,19,0,1.0,2.421039E+02,0.000000E+00,2.421039E+02,0.000000E+00
,0.000000E+00,2.421039E+02,0.000000E+00,0.000000E+00,7.568486E+01,1.735620E+02
,0.000000E+00,0.000000E+00,-7.257849E+00,-3.409118E+00,2.148044E+01
,-7.568486E+01,7.257849E+00,0.000000E+00,0.000000E+00,0.000000E+00,1.950424E+02

$ Element 20 between GRID 20 and 21
CBEAM,20,20,20,21,0.0,1.0,0.0
PBEAM,20,1,1.25321270E+10,2.38317799E+09,1.09502886E+09,0.00000000E+00,6.19878354E+07,0.00000000E+00

CONM1,1019,20,0,1.0,2.017633E+02,0.000000E+00,2.017633E+02,0.000000E+00
,0.000000E+00,2.017633E+02,0.000000E+00,0.000000E+00,4.799372E+01,1.081521E+02
,0.000000E+00,0.000000E+00,-6.897698E+00,-2.220858E+00,1.450826E+01
,-4.799372E+01,6.897698E+00,0.000000E+00,0.000000E+00,0.000000E+00,1.226603E+02

$ Element 21 between GRID 21 and 22
CBEAM,21,21,21,22,0.0,1.0,0.0
PBEAM,21,1,9.15664241E+09,1.48848717E+09,6.52170013E+08,0.00000000E+00,4.53128918E+07,0.00000000E+00

CONM1,1020,21,0,1.0,1.544460E+02,0.000000E+00,1.544460E+02,0.000000E+00
,0.000000E+00,1.544460E+02,0.000000E+00,0.000000E+00,3.063921E+01,6.805221E+01
,0.000000E+00,0.000000E+00,-5.645760E+00,-1.420070E+00,8.977888E+00
,-3.063921E+01,5.645760E+00,0.000000E+00,0.000000E+00,0.000000E+00,7.703010E+01

$ Element 22 between GRID 22 and 23
CBEAM,22,22,22,23,0.0,1.0,0.0
PBEAM,22,1,5.91577520E+09,8.91636802E+08,3.54649993E+08,0.00000000E+00,3.07183207E+07,0.00000000E+00

CONM1,1021,22,0,1.0,1.068819E+02,0.000000E+00,1.068819E+02,0.000000E+00
,0.000000E+00,1.068819E+02,0.000000E+00,0.000000E+00,1.981074E+01,4.148117E+01
,0.000000E+00,0.000000E+00,-3.770110E+00,-8.318678E-01,5.150459E+00
,-1.981074E+01,3.770110E+00,0.000000E+00,0.000000E+00,0.000000E+00,4.663163E+01

$ Element 23 between GRID 23 and 24
CBEAM,23,23,23,24,0.0,1.0,0.0
PBEAM,23,1,3.59845263E+09,5.51934343E+08,1.78160011E+08,0.00000000E+00,1.83740167E+07,0.00000000E+00

CONM1,1022,23,0,1.0,6.958023E+01,0.000000E+00,6.958023E+01,0.000000E+00
,0.000000E+00,6.958023E+01,0.000000E+00,0.000000E+00,1.371432E+01,2.541370E+01
,0.000000E+00,0.000000E+00,-2.231441E+00,-4.958477E-01,2.699837E+00
,-1.371432E+01,2.231441E+00,0.000000E+00,0.000000E+00,0.000000E+00,2.811354E+01

$ Element 24 between GRID 24 and 25
CBEAM,24,24,24,25,0.0,1.0,0.0
PBEAM,24,1,1.93932781E+09,3.25904680E+08,7.48245640E+07,0.00000000E+00,1.01114963E+07,0.00000000E+00

CONM1,1023,24,0,1.0,4.457733E+01,0.000000E+00,4.457733E+01,0.000000E+00
,0.000000E+00,4.457733E+01,0.000000E+00,0.000000E+00,9.576339E+00,1.579134E+01
,0.000000E+00,0.000000E+00,-1.279165E+00,-3.090246E-01,1.270360E+00
,-9.576339E+00,1.279165E+00,0.000000E+00,0.000000E+00,0.000000E+00,1.706170E+01

$ Element 25 between GRID 25 and 26
CBEAM,25,25,25,26,0.0,1.0,0.0
PBEAM,25,1,6.60661720E+08,1.16448567E+08,1.82909500E+07,0.00000000E+00,3.43828521E+06,0.00000000E+00

CONM1,1024,25,0,1.0,1.992245E+01,0.000000E+00,1.992245E+01,0.000000E+00
,0.000000E+00,1.992245E+01,0.000000E+00,0.000000E+00,4.139189E+00,6.178278E+00
,0.000000E+00,0.000000E+00,-4.767331E-01,-1.259192E-01,3.822822E-01
,-4.139189E+00,4.767331E-01,0.000000E+00,0.000000E+00,0.000000E+00,6.560560E+00

SPC1,1,123456,1

ENDDATA