SOL 101
CEND
TITLE = BeamDyn -> Nastran SOL 101 static displacement example
SUBCASE 1
    LOAD = 100
    SPC = 1
    DISP(PLOT) = ALL
    DISP(PRINT) = ALL
    METHOD = 1

BEGIN BULK
$ Material: set E=1.0, G=1.0 to allow using EA, EI, GJ directly as geometric properties
MAT1,1,1.0,1.0,0.3

GRID,1,, 0.00000000e+00, 0.0, 0.0
GRID,2,, 1.00000000e-02, 0.0, 0.0
GRID,3,, 2.00000000e-02, 0.0, 0.0
GRID,4,, 3.00000000e-02, 0.0, 0.0
GRID,5,, 4.00000000e-02, 0.0, 0.0
GRID,6,, 5.00000000e-02, 0.0, 0.0
GRID,7,, 7.50000000e-02, 0.0, 0.0
GRID,8,, 1.00000000e-01, 0.0, 0.0
GRID,9,, 1.50000000e-01, 0.0, 0.0
GRID,10,, 2.00000000e-01, 0.0, 0.0
GRID,11,, 2.50000000e-01, 0.0, 0.0
GRID,12,, 3.00000000e-01, 0.0, 0.0
GRID,13,, 3.50000000e-01, 0.0, 0.0
GRID,14,, 4.00000000e-01, 0.0, 0.0
GRID,15,, 4.50000000e-01, 0.0, 0.0
GRID,16,, 5.00000000e-01, 0.0, 0.0
GRID,17,, 5.50000000e-01, 0.0, 0.0
GRID,18,, 6.00000000e-01, 0.0, 0.0
GRID,19,, 6.50000000e-01, 0.0, 0.0
GRID,20,, 7.00000000e-01, 0.0, 0.0
GRID,21,, 7.50000000e-01, 0.0, 0.0
GRID,22,, 8.00000000e-01, 0.0, 0.0
GRID,23,, 8.50000000e-01, 0.0, 0.0
GRID,24,, 9.00000000e-01, 0.0, 0.0
GRID,25,, 9.50000000e-01, 0.0, 0.0
GRID,26,, 1.00000000e+00, 0.0, 0.0

$ Element 1 between GRID 1 and 2
PBAR,1,1,4.490121283340e+10,1.459789383752e+11,1.464334611346e+11,8.538738534543e+10
CBEAM,1,1,1,2

CONM2,1000,1,1.523033661839e+01,0.,0.,0.,0.,0.,0.
CONM2,2000,2,1.523033661839e+01,0.,0.,0.,0.,0.,0.

$ Element 2 between GRID 2 and 3
PBAR,2,1,4.266050331533e+10,1.387708512119e+11,1.400731840328e+11,8.119587364833e+10
CBEAM,2,2,2,3

CONM2,1001,2,1.442464966050e+01,0.,0.,0.,0.,0.,0.
CONM2,2001,3,1.442464966050e+01,0.,0.,0.,0.,0.,0.

$ Element 3 between GRID 3 and 4
PBAR,3,1,4.011982264461e+10,1.292485918499e+11,1.282614084188e+11,7.453974134797e+10
CBEAM,3,3,3,4

CONM2,1002,3,1.349066028974e+01,0.,0.,0.,0.,0.,0.
CONM2,2002,4,1.349066028974e+01,0.,0.,0.,0.,0.,0.

$ Element 4 between GRID 4 and 5
PBAR,4,1,3.735448641924e+10,1.177538715875e+11,1.119398225834e+11,6.575323676531e+10
CBEAM,4,4,4,5

CONM2,1003,4,1.245063047356e+01,0.,0.,0.,0.,0.,0.
CONM2,2003,5,1.245063047356e+01,0.,0.,0.,0.,0.,0.

$ Element 5 between GRID 5 and 6
PBAR,5,1,3.489271576347e+10,1.074549908904e+11,9.817170240459e+10,5.783449528411e+10
CBEAM,5,5,5,6

CONM2,1004,5,1.148159468871e+01,0.,0.,0.,0.,0.,0.
CONM2,2004,6,1.148159468871e+01,0.,0.,0.,0.,0.,0.

$ Element 6 between GRID 6 and 7
PBAR,6,1,3.147925622246e+10,9.257140514604e+10,8.033207814895e+10,4.627722618758e+10
CBEAM,6,6,6,7

CONM2,1005,6,2.498177906012e+01,0.,0.,0.,0.,0.,0.
CONM2,2005,7,2.498177906012e+01,0.,0.,0.,0.,0.,0.

$ Element 7 between GRID 7 and 8
PBAR,7,1,2.827563623501e+10,7.761879758318e+10,6.047475778603e+10,3.192347954435e+10
CBEAM,7,7,7,8

CONM2,1006,7,2.180043314188e+01,0.,0.,0.,0.,0.,0.
CONM2,2006,8,2.180043314188e+01,0.,0.,0.,0.,0.,0.

$ Element 8 between GRID 8 and 9
PBAR,8,1,2.500248277107e+10,6.345326834022e+10,4.012587378012e+10,1.675249367606e+10
CBEAM,8,8,8,9

CONM2,1007,8,3.431264105470e+01,0.,0.,0.,0.,0.,0.
CONM2,2007,9,3.431264105470e+01,0.,0.,0.,0.,0.,0.

$ Element 9 between GRID 9 and 10
PBAR,9,1,2.155799976641e+10,4.666104177095e+10,2.490441846451e+10,5.422353444916e+09
CBEAM,9,9,9,10

CONM2,1008,9,2.149178852813e+01,0.,0.,0.,0.,0.,0.
CONM2,2008,10,2.149178852813e+01,0.,0.,0.,0.,0.,0.

$ Element 10 between GRID 10 and 11
PBAR,10,1,2.046204763899e+10,3.724817221756e+10,1.871787012563e+10,1.897097401417e+09
CBEAM,10,10,10,11

CONM2,1009,10,1.499875244341e+01,0.,0.,0.,0.,0.,0.
CONM2,2009,11,1.499875244341e+01,0.,0.,0.,0.,0.,0.

$ Element 11 between GRID 11 and 12
PBAR,11,1,2.092011557425e+10,3.317529714141e+10,1.448903563225e+10,8.265907790649e+08
CBEAM,11,11,11,12

CONM2,1010,11,1.268808041308e+01,0.,0.,0.,0.,0.,0.
CONM2,2010,12,1.268808041308e+01,0.,0.,0.,0.,0.,0.

$ Element 12 between GRID 12 and 13
PBAR,12,1,2.157588676676e+10,2.856972479105e+10,1.201314790076e+10,5.441323358799e+08
CBEAM,12,12,12,13

CONM2,1011,12,1.177586306035e+01,0.,0.,0.,0.,0.,0.
CONM2,2011,13,1.177586306035e+01,0.,0.,0.,0.,0.,0.

$ Element 13 between GRID 13 and 14
PBAR,13,1,2.170322162454e+10,2.415285470775e+10,9.600643903910e+09,4.130030878240e+08
CBEAM,13,13,13,14

CONM2,1012,13,1.114944360549e+01,0.,0.,0.,0.,0.,0.
CONM2,2012,14,1.114944360549e+01,0.,0.,0.,0.,0.,0.

$ Element 14 between GRID 14 and 15
PBAR,14,1,2.120025128040e+10,2.046736696838e+10,7.543670547108e+09,3.252274771280e+08
CBEAM,14,14,14,15

CONM2,1013,14,1.048486760449e+01,0.,0.,0.,0.,0.,0.
CONM2,2013,15,1.048486760449e+01,0.,0.,0.,0.,0.,0.

$ Element 15 between GRID 15 and 16
PBAR,15,1,2.035149048678e+10,1.715205822244e+10,5.721440364428e+09,2.531023487369e+08
CBEAM,15,15,15,16

CONM2,1014,15,9.783112996055e+00,0.,0.,0.,0.,0.,0.
CONM2,2014,16,9.783112996055e+00,0.,0.,0.,0.,0.,0.

$ Element 16 between GRID 16 and 17
PBAR,16,1,1.942432105976e+10,1.416333577242e+10,4.248681784011e+09,1.942907419083e+08
CBEAM,16,16,16,17

CONM2,1015,16,9.102694663333e+00,0.,0.,0.,0.,0.,0.
CONM2,2015,17,9.102694663333e+00,0.,0.,0.,0.,0.,0.

$ Element 17 between GRID 17 and 18
PBAR,17,1,1.823238922997e+10,1.055983669924e+10,3.129617517878e+09,1.481319947243e+08
CBEAM,17,17,17,18

CONM2,1016,17,8.222902063878e+00,0.,0.,0.,0.,0.,0.
CONM2,2016,18,8.222902063878e+00,0.,0.,0.,0.,0.,0.

$ Element 18 between GRID 18 and 19
PBAR,18,1,1.669642687809e+10,6.508415673103e+09,2.286593923749e+09,1.118023847945e+08
CBEAM,18,18,18,19

CONM2,1017,18,7.095164508896e+00,0.,0.,0.,0.,0.,0.
CONM2,2017,19,7.095164508896e+00,0.,0.,0.,0.,0.,0.

$ Element 19 between GRID 19 and 20
PBAR,19,1,1.495721392974e+10,3.763052591660e+09,1.634960722066e+09,8.341715006901e+07
CBEAM,19,19,19,20

CONM2,1018,19,6.052598719785e+00,0.,0.,0.,0.,0.,0.
CONM2,2018,20,6.052598719785e+00,0.,0.,0.,0.,0.,0.

$ Element 20 between GRID 20 and 21
PBAR,20,1,1.253212697916e+10,2.383177985894e+09,1.095028860717e+09,6.198783536616e+07
CBEAM,20,20,20,21

CONM2,1019,20,5.044082907718e+00,0.,0.,0.,0.,0.,0.
CONM2,2019,21,5.044082907718e+00,0.,0.,0.,0.,0.,0.

$ Element 21 between GRID 21 and 22
PBAR,21,1,9.156642407328e+09,1.488487172811e+09,6.521700128114e+08,4.531289184503e+07
CBEAM,21,21,21,22

CONM2,1020,21,3.861150951911e+00,0.,0.,0.,0.,0.,0.
CONM2,2020,22,3.861150951911e+00,0.,0.,0.,0.,0.,0.

$ Element 22 between GRID 22 and 23
PBAR,22,1,5.915775201905e+09,8.916368016817e+08,3.546499931609e+08,3.071832068777e+07
CBEAM,22,22,22,23

CONM2,1021,22,2.672046786670e+00,0.,0.,0.,0.,0.,0.
CONM2,2021,23,2.672046786670e+00,0.,0.,0.,0.,0.,0.

$ Element 23 between GRID 23 and 24
PBAR,23,1,3.598452631541e+09,5.519343432222e+08,1.781600107053e+08,1.837401666199e+07
CBEAM,23,23,23,24

CONM2,1022,23,1.739505847222e+00,0.,0.,0.,0.,0.,0.
CONM2,2022,24,1.739505847222e+00,0.,0.,0.,0.,0.,0.

$ Element 24 between GRID 24 and 25
PBAR,24,1,1.939327810145e+09,3.259046802372e+08,7.482456399548e+07,1.011149627645e+07
CBEAM,24,24,24,25

CONM2,1023,24,1.114433239717e+00,0.,0.,0.,0.,0.,0.
CONM2,2023,25,1.114433239717e+00,0.,0.,0.,0.,0.,0.

$ Element 25 between GRID 25 and 26
PBAR,25,1,6.606617200433e+08,1.164485667385e+08,1.829094996692e+07,3.438285213516e+06
CBEAM,25,25,25,26

CONM2,1024,25,4.980612442958e-01,0.,0.,0.,0.,0.,0.
CONM2,2024,26,4.980612442958e-01,0.,0.,0.,0.,0.,0.

$ Fix root grid (GRID 1) in all DOF
SPC1,1,123456,1
SPC,1,1

LOAD,100,1.0
FORCE,100,26,0,0.000000e+00,0.000000e+00,-1.000000e+00,0.,0.,0.

ENDDATA